index,value,difference,parity
0,2,0,even
1,3,1,odd
2,5,2,odd
3,7,2,odd
4,11,4,odd
5,13,2,odd
6,17,4,odd
7,19,2,odd
8,23,4,odd
9,29,6,odd
10,31,2,odd
11,37,6,odd
12,41,4,odd
13,43,2,odd
14,47,4,odd
15,53,6,odd
16,59,6,odd
17,61,2,odd
18,67,6,odd
19,71,4,odd
20,73,2,odd
21,79,6,odd
22,83,4,odd
23,89,6,odd
24,97,8,odd
